  0.0000000000000000e+000  9.3562398850917816e-001  7.1476880460977554e-001  8.7418136000633240e-001  8.7501420080661774e-001  7.7618299424648285e-001  7.7482496947050095e-001  7.5982736051082611e-001  8.6797498166561127e-001  8.8541220873594284e-001  6.7677870392799377e-001  6.9046685844659805e-001  8.4360881894826889e-001  8.2332326471805573e-001  8.9480854570865631e-001  8.9737245440483093e-001  9.4493763893842697e-001  8.4196891635656357e-001  8.7308809161186218e-001  8.2740007340908051e-001  8.6568456888198853e-001  8.0696351826190948e-001  7.8623687475919724e-001  8.8491691648960114e-001  8.4917330741882324e-001  8.1409639865159988e-001  8.1975989043712616e-001  9.5476876944303513e-001  7.8026079386472702e-001  8.6675563454627991e-001  8.2032690197229385e-001  8.1044638901948929e-001  7.4444864690303802e-001  8.1160623580217361e-001  7.7073600888252258e-001  8.0789279937744141e-001  8.0138953030109406e-001  8.4479216486215591e-001  8.7642758339643478e-001  8.9747492969036102e-001  8.3811009675264359e-001  8.1160297989845276e-001  9.2097546160221100e-001  8.4379090368747711e-001  7.4148733168840408e-001  7.8219477832317352e-001  8.9126716554164886e-001  8.6972231417894363e-001  8.6955954134464264e-001  8.5258697718381882e-001  7.5656282901763916e-001  9.6751502901315689e-001  7.6447498053312302e-001  9.1220431029796600e-001  9.2224710434675217e-001  8.5480619966983795e-001  8.5972805321216583e-001  8.4264581650495529e-001  8.4093837440013885e-001  9.3988505005836487e-001  1.0293295308947563e+000  8.7100795656442642e-001  8.5750967264175415e-001  8.5961724072694778e-001  8.1689560413360596e-001  9.5397827774286270e-001  9.8949059098958969e-001  8.2613559812307358e-001  8.5562549531459808e-001  8.7275822460651398e-001  9.0356375277042389e-001  1.0251921638846397e+000  8.7877987325191498e-001  8.6959570646286011e-001  9.8849324882030487e-001  1.0260554701089859e+000  1.0014360100030899e+000  9.0765884518623352e-001  8.0892673134803772e-001  8.3293069154024124e-001  9.7974222898483276e-001  9.2231454700231552e-001  7.9707857966423035e-001  8.1660680472850800e-001  7.1917947381734848e-001  9.2449714988470078e-001  8.9882186055183411e-001  8.7449538707733154e-001  9.1195611655712128e-001  9.2500004917383194e-001  1.0106032714247704e+000  8.5074596852064133e-001
  9.3562398850917816e-001  0.0000000000000000e+000  8.6443861573934555e-001  8.7530788034200668e-001  7.7211944013834000e-001  8.0920550227165222e-001  8.6287322640419006e-001  7.8848858922719955e-001  8.0994678288698196e-001  7.6258517801761627e-001  7.4716665595769882e-001  8.7110435962677002e-001  8.5803532600402832e-001  7.7756631374359131e-001  8.0259166657924652e-001  8.2134516537189484e-001  7.2422980517148972e-001  7.9781302809715271e-001  7.2607165575027466e-001  7.2797258198261261e-001  7.5981250405311584e-001  8.0569266527891159e-001  8.2374632358551025e-001  7.8887359797954559e-001  8.6079463362693787e-001  8.2549032568931580e-001  7.9877553880214691e-001  8.2350870966911316e-001  8.2957626879215240e-001  8.3913109451532364e-001  8.3545162528753281e-001  8.4628410637378693e-001  7.8720930963754654e-001  8.4710700809955597e-001  8.9754354208707809e-001  8.6885233223438263e-001  7.4119173735380173e-001  7.9817659407854080e-001  7.6825343072414398e-001  7.2722531110048294e-001  7.8522098064422607e-001  8.0621644854545593e-001  7.7209390699863434e-001  7.6971696317195892e-001  8.0291585624217987e-001  7.9699778556823730e-001  6.9188293069601059e-001  6.8130914121866226e-001  8.2679477334022522e-001  8.5179115831851959e-001  8.1359158456325531e-001  8.4226220846176147e-001  8.9341305196285248e-001  7.8345438092947006e-001  8.4865128993988037e-001  9.1704091429710388e-001  8.1586509197950363e-001  8.1446414440870285e-001  8.1323857605457306e-001  7.9624097794294357e-001  9.3328703194856644e-001  9.0717422962188721e-001  8.3872056007385254e-001  8.0337777733802795e-001  8.6304672807455063e-001  8.9266244322061539e-001  8.2116997241973877e-001  8.0981069803237915e-001  8.0895143747329712e-001  9.2345516383647919e-001  9.4388334453105927e-001  9.3340111523866653e-001  8.2306551933288574e-001  8.4508991986513138e-001  9.1541240364313126e-001  8.2696290314197540e-001  8.5187792778015137e-001  8.8150007277727127e-001  9.5057141780853271e-001  8.3622191846370697e-001  8.8960750401020050e-001  9.1892302781343460e-001  8.5962428897619247e-001  8.1258864700794220e-001  8.8390285521745682e-001  9.2595728486776352e-001  8.7229983508586884e-001  8.3360715955495834e-001  7.9932723194360733e-001  8.7201047688722610e-001  8.5979910939931870e-001  8.3556584268808365e-001
  7.1476880460977554e-001  8.6443861573934555e-001  0.0000000000000000e+000  7.8666413575410843e-001  8.1716613471508026e-001  6.1315928399562836e-001  7.1280277520418167e-001  6.3514512777328491e-001  8.8854996114969254e-001  7.8307604789733887e-001  6.7740407586097717e-001  7.8967891633510590e-001  7.7850373089313507e-001  7.7979619055986404e-001  8.5016399621963501e-001  7.8713604062795639e-001  8.1152890622615814e-001  7.6382432132959366e-001  7.9334180057048798e-001  7.7772189676761627e-001  7.8857611119747162e-001  7.6333919167518616e-001  7.8328764438629150e-001  7.6557776331901550e-001  9.0681394189596176e-001  8.2041374593973160e-001  7.8350038826465607e-001  8.9575979113578796e-001  6.9506692141294479e-001  7.9243194311857224e-001  8.1235171109437943e-001  7.4729750305414200e-001  7.1838859468698502e-001  7.3173414915800095e-001  8.9653982967138290e-001  8.1613330543041229e-001  7.8791399300098419e-001  7.4492912739515305e-001  7.8695477545261383e-001  7.3901533335447311e-001  7.3531500250101089e-001  7.3629199713468552e-001  7.8413002192974091e-001  8.5501980781555176e-001  7.1312937140464783e-001  8.4114281833171844e-001  7.9340136796236038e-001  7.7298150956630707e-001  8.6127565056085587e-001  8.5733596235513687e-001  8.6982310563325882e-001  8.7420041114091873e-001  8.6752643436193466e-001  8.9003334194421768e-001  1.0306985154747963e+000  9.4899079948663712e-001  8.5828918218612671e-001  8.8783662766218185e-001  8.1128114461898804e-001  9.7947759181261063e-001  9.9492893368005753e-001  8.5834641754627228e-001  7.9165862500667572e-001  9.8238132148981094e-001  8.7667021900415421e-001  9.6828928589820862e-001  9.9022501707077026e-001  8.7843736261129379e-001  8.8710359483957291e-001  9.1374999284744263e-001  9.5765738934278488e-001  1.0683773979544640e+000  8.6578253656625748e-001  9.4313324242830276e-001  1.0054116770625114e+000  1.0278367474675179e+000  9.7120404243469238e-001  8.2406945526599884e-001  8.8048199564218521e-001  7.6540280878543854e-001  1.0217927098274231e+000  9.9989120662212372e-001  7.4802539497613907e-001  8.8606086373329163e-001  7.9971124976873398e-001  1.0631332173943520e+000  1.0321465283632278e+000  9.3668149411678314e-001  8.4066483378410339e-001  1.0959943160414696e+000  9.1960056126117706e-001  9.3516907095909119e-001
  8.7418136000633240e-001  8.7530788034200668e-001  7.8666413575410843e-001  0.0000000000000000e+000  7.8854784369468689e-001  6.3561432808637619e-001  6.8314675241708755e-001  7.9737438261508942e-001  9.7519417107105255e-001  6.9611411541700363e-001  7.6102576404809952e-001  8.8458102941513062e-001  8.4595025330781937e-001  8.1829804927110672e-001  8.2348768413066864e-001  8.1826312094926834e-001  7.9049654304981232e-001  8.2485427707433701e-001  7.8836379200220108e-001  8.0603079497814178e-001  8.1483523547649384e-001  7.7509867399930954e-001  8.4636207669973373e-001  8.0363371968269348e-001  7.6580587774515152e-001  7.9012034088373184e-001  8.8103322684764862e-001  8.1941592693328857e-001  8.0304192006587982e-001  8.1747421622276306e-001  9.3434771150350571e-001  7.9005031287670135e-001  7.1944139152765274e-001  7.7006977051496506e-001  8.7490057200193405e-001  8.4366805851459503e-001  8.0748512595891953e-001  7.7865242213010788e-001  7.7395566552877426e-001  7.8463399410247803e-001  6.9805667549371719e-001  7.1420039981603622e-001  8.1211324036121368e-001  8.3858925104141235e-001  8.3371986448764801e-001  9.1608309000730515e-001  8.3180245757102966e-001  7.9526101797819138e-001  9.6556662768125534e-001  9.4143431633710861e-001  9.9017617106437683e-001  9.9754103273153305e-001  9.5800288021564484e-001  8.9188654720783234e-001  1.0817916616797447e+000  1.0083900019526482e+000  1.0573368147015572e+000  8.9382481575012207e-001  9.0902027487754822e-001  9.9245454370975494e-001  1.0753781870007515e+000  9.9566861242055893e-001  8.5905078053474426e-001  1.0296378210186958e+000  9.6666688472032547e-001  1.0601860731840134e+000  1.0114080533385277e+000  9.4327785074710846e-001  9.5151850581169128e-001  9.8391632735729218e-001  1.0627600178122520e+000  1.0588688626885414e+000  8.9527417719364166e-001  9.4973492622375488e-001  1.0780678018927574e+000  1.1355202347040176e+000  9.4909217953681946e-001  9.6273855119943619e-001  9.3006563931703568e-001  8.2845623791217804e-001  1.0593513324856758e+000  1.0509819611907005e+000  8.3426933735609055e-001  9.0028540045022964e-001  9.1218254715204239e-001  1.1357970535755157e+000  1.0100859701633453e+000  9.2809063196182251e-001  8.9462131261825562e-001  1.0023900717496872e+000  9.2745146900415421e-001  9.6242775768041611e-001
  8.7501420080661774e-001  7.7211944013834000e-001  8.1716613471508026e-001  7.8854784369468689e-001  0.0000000000000000e+000  8.1138309836387634e-001  8.5953698307275772e-001  8.3644705265760422e-001  8.4814758598804474e-001  7.8349239379167557e-001  8.1423384696245193e-001  8.9019361883401871e-001  8.3025432378053665e-001  7.7098282426595688e-001  8.4096424281597137e-001  8.3023224771022797e-001  8.0470300465822220e-001  7.9594621062278748e-001  8.0930817127227783e-001  8.0418507754802704e-001  7.8866426646709442e-001  7.6252652704715729e-001  8.0017612874507904e-001  7.7705110609531403e-001  8.5140857100486755e-001  8.2643701136112213e-001  7.6465103030204773e-001  8.3264744281768799e-001  8.5115177184343338e-001  8.5705168545246124e-001  7.9334254562854767e-001  7.5667837262153625e-001  7.4888338148593903e-001  7.3445166647434235e-001  9.0808033943176270e-001  8.5671301186084747e-001  7.4417521059513092e-001  7.0088116079568863e-001  6.8992618471384048e-001  6.9811300188302994e-001  6.7445588856935501e-001  8.3226155489683151e-001  7.8099863231182098e-001  7.4222259968519211e-001  7.7615147829055786e-001  8.6402411758899689e-001  7.0433727651834488e-001  7.5946046411991119e-001  8.6472253501415253e-001  7.4711696058511734e-001  8.3643092960119247e-001  7.7885955572128296e-001  7.6286336779594421e-001  8.0326125770807266e-001  8.3051591366529465e-001  8.9852324128150940e-001  8.8024172186851501e-001  7.7470449358224869e-001  8.1312412768602371e-001  9.1098922491073608e-001  9.2851180583238602e-001  8.1519686430692673e-001  7.2498580068349838e-001  8.0174969881772995e-001  9.0640421956777573e-001  8.2519198209047318e-001  8.7426222860813141e-001  7.4950874596834183e-001  8.6015231907367706e-001  8.5905479639768600e-001  9.0099236369132996e-001  8.4998603165149689e-001  7.8331036120653152e-001  8.5122738778591156e-001  8.6771454662084579e-001  8.5816665738821030e-001  8.5744772851467133e-001  9.0105938911437988e-001  7.6616945862770081e-001  7.8744363039731979e-001  8.9070573449134827e-001  8.8250113278627396e-001  7.9326020926237106e-001  8.3106788992881775e-001  8.2988504320383072e-001  9.0232644230127335e-001  8.5005702823400497e-001  8.6113346368074417e-001  8.0597284436225891e-001  8.9561548829078674e-001  8.4267160296440125e-001  8.3012727648019791e-001
  7.7618299424648285e-001  8.0920550227165222e-001  6.1315928399562836e-001  6.3561432808637619e-001  8.1138309836387634e-001  0.0000000000000000e+000  6.1817663908004761e-001  7.6123917847871780e-001  9.0774263441562653e-001  6.9396293908357620e-001  7.2618336230516434e-001  8.3665963262319565e-001  8.1356180459260941e-001  7.1901536732912064e-001  8.6126302927732468e-001  7.3580780625343323e-001  8.1030865758657455e-001  7.3967591673135757e-001  7.5497210025787354e-001  7.4697070568799973e-001  7.2952459007501602e-001  7.8778330981731415e-001  8.2975556701421738e-001  7.6633192598819733e-001  8.4041934460401535e-001  7.7712203562259674e-001  7.3889058083295822e-001  8.2452817261219025e-001  7.2781299054622650e-001  8.5258786380290985e-001  7.9200658947229385e-001  7.0049136132001877e-001  7.0244526118040085e-001  7.5209830701351166e-001  9.2990718036890030e-001  8.5204358398914337e-001  7.5576924532651901e-001  7.3635145276784897e-001  8.2649266719818115e-001  6.9922515004873276e-001  7.3779340833425522e-001  6.9924467056989670e-001  8.3287151157855988e-001  8.8198226690292358e-001  7.9401575773954391e-001  8.6938268691301346e-001  8.0219939351081848e-001  7.3904384672641754e-001  9.2591047286987305e-001  7.9042832553386688e-001  9.3121007829904556e-001  8.7503374367952347e-001  8.8306855410337448e-001  9.1769152879714966e-001  1.0822316408157349e+000  9.7583379596471786e-001  7.6733278483152390e-001  8.6198709160089493e-001  7.7718535065650940e-001  9.6941497176885605e-001  1.0180480927228928e+000  9.5668068528175354e-001  7.9623411595821381e-001  9.7718001157045364e-001  8.7832849472761154e-001  9.8611436784267426e-001  9.8115440458059311e-001  8.2367745041847229e-001  8.6298069357872009e-001  9.7505371272563934e-001  9.6493013203144073e-001  1.0287870317697525e+000  8.5165047645568848e-001  9.1128428280353546e-001  9.5362620800733566e-001  9.9856667965650558e-001  9.6591309458017349e-001  9.0780502557754517e-001  8.9073073118925095e-001  7.0004455000162125e-001  9.8149126023054123e-001  1.0403547510504723e+000  8.0818147212266922e-001  9.2448576539754868e-001  9.1695209592580795e-001  1.0630973950028419e+000  1.0057731121778488e+000  8.9215557277202606e-001  8.4697949141263962e-001  9.9483286589384079e-001  9.2640667408704758e-001  8.8689357042312622e-001
  7.7482496947050095e-001  8.6287322640419006e-001  7.1280277520418167e-001  6.8314675241708755e-001  8.5953698307275772e-001  6.1817663908004761e-001  0.0000000000000000e+000  7.6697988063097000e-001  9.2060901224613190e-001  6.8979791551828384e-001  7.5055997073650360e-001  9.1426473110914230e-001  8.0567790567874908e-001  7.5892379879951477e-001  8.1181970983743668e-001  7.3211207985877991e-001  7.8522866219282150e-001  7.9498792439699173e-001  7.0593319088220596e-001  7.3193880915641785e-001  7.4691977351903915e-001  8.0129931122064590e-001  7.5672475248575211e-001  7.4683931469917297e-001  7.9462027549743652e-001  7.1711389720439911e-001  7.6896183937788010e-001  8.0624421685934067e-001  7.0240195095539093e-001  7.8420680761337280e-001  8.2236500829458237e-001  7.2939871251583099e-001  7.1562997251749039e-001  8.3697315305471420e-001  7.9979404807090759e-001  7.8661717474460602e-001  7.8638628870248795e-001  8.2332747429609299e-001  7.9802630096673965e-001  7.3847111314535141e-001  7.8547040373086929e-001  7.5411695986986160e-001  9.4402509927749634e-001  8.3880354464054108e-001  8.3395098149776459e-001  8.9046909660100937e-001  7.8654882311820984e-001  7.9404490441083908e-001  8.8991842418909073e-001  8.7350378185510635e-001  9.6110341697931290e-001  9.6315102279186249e-001  8.3966141939163208e-001  8.9771138876676559e-001  1.0704856216907501e+000  9.9999745190143585e-001  8.7829618155956268e-001  8.8562846928834915e-001  8.0275544524192810e-001  1.0039770305156708e+000  1.0267907977104187e+000  9.1758859902620316e-001  8.7199945747852325e-001  1.0327972397208214e+000  9.2619258165359497e-001  9.9504335224628448e-001  9.7211341559886932e-001  8.9170078188180923e-001  8.8123893737792969e-001  1.0504108443856239e+000  9.6386545151472092e-001  1.0465162545442581e+000  9.3793638795614243e-001  8.9143276959657669e-001  1.0708964169025421e+000  1.0662111118435860e+000  9.6481597423553467e-001  9.2799491435289383e-001  8.7541305273771286e-001  7.3258014768362045e-001  1.0119329243898392e+000  1.0247182846069336e+000  7.5298730283975601e-001  9.3615701794624329e-001  8.5012228041887283e-001  1.0606721490621567e+000  9.8550665378570557e-001  9.1745766997337341e-001  9.0061067044734955e-001  1.0297028124332428e+000  9.3851161748170853e-001  9.5622008293867111e-001
  7.5982736051082611e-001  7.8848858922719955e-001  6.3514512777328491e-001  7.9737438261508942e-001  8.3644705265760422e-001  7.6123917847871780e-001  7.6697988063097000e-001  0.0000000000000000e+000  9.2464329302310944e-001  8.1380036473274231e-001  6.9026814401149750e-001  7.1534387767314911e-001  8.4081906080245972e-001  8.7327585369348526e-001  8.1826099753379822e-001  8.0284386128187180e-001  8.0674120038747787e-001  8.3944430202245712e-001  9.0648825466632843e-001  7.9665440320968628e-001  8.6366808414459229e-001  8.0853345990180969e-001  7.9989916831254959e-001  8.2043047994375229e-001  8.0645559728145599e-001  8.1400193274021149e-001  8.7580768764019012e-001  8.8896206021308899e-001  7.4628669023513794e-001  8.1571862101554871e-001  7.8827298432588577e-001  7.7219605445861816e-001  7.3356153815984726e-001  7.9092091321945190e-001  8.6686465144157410e-001  7.9209981858730316e-001  8.1428054720163345e-001  8.4272889047861099e-001  8.0118906497955322e-001  8.2228188961744308e-001  7.4980082362890244e-001  7.8666783869266510e-001  8.0002464354038239e-001  8.1825087219476700e-001  7.1841983497142792e-001  8.1829761713743210e-001  8.5211787372827530e-001  7.5296866148710251e-001  7.5179021805524826e-001  8.3675734698772430e-001  8.0847286432981491e-001  1.0218288898468018e+000  7.8122248500585556e-001  8.5658924281597137e-001  9.8606591671705246e-001  8.2503634691238403e-001  8.9556841552257538e-001  8.7929537147283554e-001  8.4915697574615479e-001  8.9705378562211990e-001  1.0053656324744225e+000  8.4882144629955292e-001  7.8998313844203949e-001  8.4470876306295395e-001  8.4034577012062073e-001  9.5689229667186737e-001  9.9636641889810562e-001  8.7037948518991470e-001  8.8905248790979385e-001  7.7574717998504639e-001  9.6694350242614746e-001  1.0133888646960258e+000  9.6333396434783936e-001  8.1881102919578552e-001  9.6827274560928345e-001  1.0055760368704796e+000  9.3921063095331192e-001  8.9962469041347504e-001  8.3890360593795776e-001  7.1707528084516525e-001  1.0473956614732742e+000  9.1871894896030426e-001  7.3835249990224838e-001  8.5248338431119919e-001  7.5895958393812180e-001  1.0660419985651970e+000  9.3547970801591873e-001  9.3293743580579758e-001  8.9399004727602005e-001  1.0315499529242516e+000  9.7380531579256058e-001  8.5117549449205399e-001
  8.6797498166561127e-001  8.0994678288698196e-001  8.8854996114969254e-001  9.7519417107105255e-001  8.4814758598804474e-001  9.0774263441562653e-001  9.2060901224613190e-001  9.2464329302310944e-001  0.0000000000000000e+000  8.8124214112758636e-001  8.7566545605659485e-001  1.0095665603876114e+000  8.0292324721813202e-001  7.9653073847293854e-001  7.3139854520559311e-001  9.1800781339406967e-001  8.8540553301572800e-001  8.1005360186100006e-001  7.2693416476249695e-001  7.6207074522972107e-001  7.8080292791128159e-001  7.7734570950269699e-001  8.1680386513471603e-001  8.2618711888790131e-001  9.1246796399354935e-001  9.6232906728982925e-001  7.3312634229660034e-001  8.0004473775625229e-001  8.7516420334577560e-001  9.2132239788770676e-001  8.1091459840536118e-001  8.5624600946903229e-001  8.5631520301103592e-001  8.6380766332149506e-001  8.8585600256919861e-001  8.1980256736278534e-001  8.4796483069658279e-001  8.2831905037164688e-001  7.6293055713176727e-001  8.0961638689041138e-001  8.4054658561944962e-001  7.6394951343536377e-001  8.5611633956432343e-001  7.7205337584018707e-001  8.3703851699829102e-001  8.7423861771821976e-001  6.7820774018764496e-001  7.9293121397495270e-001  8.7860753387212753e-001  8.1325760483741760e-001  8.2481967657804489e-001  8.1523521244525909e-001  8.0983297526836395e-001  8.3307439833879471e-001  8.2385545969009399e-001  8.3826895058155060e-001  8.7925873696804047e-001  8.7260092794895172e-001  7.9994817078113556e-001  9.0368729829788208e-001  9.0929478406906128e-001  8.1903818994760513e-001  7.6619018614292145e-001  7.4312989413738251e-001  8.5176479816436768e-001  8.3246964961290359e-001  8.2084615528583527e-001  7.5003225356340408e-001  7.6400819420814514e-001  8.4914172440767288e-001  8.8345800340175629e-001  8.7814470380544662e-001  8.6686267703771591e-001  8.2977455109357834e-001  8.1741321831941605e-001  7.6266660541296005e-001  8.6098191142082214e-001  8.1641589105129242e-001  9.3007484823465347e-001  8.3425942808389664e-001  8.2410924881696701e-001  8.5669787973165512e-001  8.6282884329557419e-001  8.4536268562078476e-001  8.3000891655683517e-001  8.1780683249235153e-001  7.8452605009078979e-001  9.0890570729970932e-001  6.4981295913457870e-001  7.9855913668870926e-001  8.5470474511384964e-001  8.7596653401851654e-001
  8.8541220873594284e-001  7.6258517801761627e-001  7.8307604789733887e-001  6.9611411541700363e-001  7.8349239379167557e-001  6.9396293908357620e-001  6.8979791551828384e-001  8.1380036473274231e-001  8.8124214112758636e-001  0.0000000000000000e+000  7.6523116230964661e-001  9.5447405427694321e-001  7.8324851393699646e-001  7.2784025967121124e-001  8.2430733740329742e-001  7.7083594352006912e-001  7.1150583773851395e-001  7.9363411664962769e-001  6.8410009890794754e-001  7.9465847462415695e-001  7.7667275816202164e-001  7.6041115820407867e-001  7.9443017393350601e-001  7.3662298917770386e-001  7.7400328963994980e-001  7.8873676806688309e-001  7.9142240434885025e-001  7.0003262907266617e-001  7.1788109838962555e-001  7.9267670214176178e-001  7.6669530570507050e-001  8.1833890825510025e-001  7.9133614897727966e-001  8.3602850884199142e-001  8.6065977066755295e-001  7.9453747719526291e-001  7.4610583484172821e-001  7.7887175232172012e-001  7.3032115399837494e-001  6.8707550317049026e-001  7.0574659854173660e-001  7.2266836464405060e-001  8.2344748824834824e-001  7.4645314365625381e-001  7.5765479356050491e-001  9.2578340321779251e-001  6.9320434331893921e-001  7.4235310405492783e-001  9.0183154493570328e-001  8.2202859222888947e-001  9.2793922126293182e-001  8.2782990485429764e-001  8.1703904271125793e-001  8.2534079253673553e-001  9.7077485173940659e-001  9.9258955568075180e-001  8.1746678799390793e-001  8.7261146306991577e-001  8.2287938892841339e-001  9.0271548926830292e-001  1.0450498238205910e+000  8.8210455328226089e-001  7.9935277998447418e-001  9.3290066719055176e-001  8.5472207516431808e-001  9.4667267054319382e-001  8.7862593680620193e-001  8.7012869864702225e-001  8.2059080153703690e-001  1.0004416331648827e+000  9.8438067734241486e-001  9.9836932867765427e-001  8.9368999749422073e-001  8.6006399989128113e-001  9.7905017435550690e-001  8.9922874420881271e-001  8.7127546966075897e-001  8.5751172900199890e-001  8.4371956437826157e-001  7.4963821470737457e-001  9.4299254566431046e-001  9.4539991021156311e-001  8.4609353542327881e-001  8.8596299290657043e-001  8.2518784701824188e-001  9.8755345493555069e-001  9.0526436269283295e-001  8.3524766564369202e-001  7.9803588986396790e-001  9.1685356944799423e-001  8.3116726577281952e-001  8.2936830818653107e-001
  6.7677870392799377e-001  7.4716665595769882e-001  6.7740407586097717e-001  7.6102576404809952e-001  8.1423384696245193e-001  7.2618336230516434e-001  7.5055997073650360e-001  6.9026814401149750e-001  8.7566545605659485e-001  7.6523116230964661e-001  0.0000000000000000e+000  6.7195416241884232e-001  7.9019730538129807e-001  7.9522673040628433e-001  7.9879458248615265e-001  9.0035403519868851e-001  8.1909525394439697e-001  7.6571506261825562e-001  7.7322001010179520e-001  7.7335288375616074e-001  8.2469693571329117e-001  7.4106515198945999e-001  7.8523943573236465e-001  7.9713766276836395e-001  8.6664847284555435e-001  7.7977157384157181e-001  9.0033958107233047e-001  9.0751980245113373e-001  7.6291333884000778e-001  8.5393429547548294e-001  8.0597332119941711e-001  7.7508378773927689e-001  7.1268099546432495e-001  8.1627604365348816e-001  8.0960444360971451e-001  8.0899148434400558e-001  7.4693626165390015e-001  7.8748589754104614e-001  6.9753134250640869e-001  7.5942822545766830e-001  7.0883577316999435e-001  7.6964807510375977e-001  8.1066070497035980e-001  7.9038134962320328e-001  7.6928109675645828e-001  7.5266983360052109e-001  8.8468044251203537e-001  8.2455264031887054e-001  8.4266963601112366e-001  8.3128760755062103e-001  8.0121378600597382e-001  9.8985215276479721e-001  8.3601193875074387e-001  8.9463120698928833e-001  9.3982638418674469e-001  9.2192298173904419e-001  8.7874720245599747e-001  8.9481490850448608e-001  9.2752113938331604e-001  9.0992277860641479e-001  1.1204854995012283e+000  9.0061742812395096e-001  7.9354579746723175e-001  9.7682235389947891e-001  9.1826280206441879e-001  9.8908270895481110e-001  1.0143078044056892e+000  8.8153783231973648e-001  9.2245315015316010e-001  9.3105950951576233e-001  1.0071101263165474e+000  1.0866037234663963e+000  9.3963446468114853e-001  7.6208309084177017e-001  1.0101634338498116e+000  1.0630856752395630e+000  1.0016920566558838e+000  9.1316235810518265e-001  8.1948657333850861e-001  8.4150588512420654e-001  9.8176992684602737e-001  1.0075186267495155e+000  7.7071296423673630e-001  8.3871306478977203e-001  7.5427448749542236e-001  1.0213282555341721e+000  9.6772453933954239e-001  8.9201582968235016e-001  8.5203921794891357e-001  1.0196588933467865e+000  9.0000749379396439e-001  8.7676397711038589e-001
  6.9046685844659805e-001  8.7110435962677002e-001  7.8967891633510590e-001  8.8458102941513062e-001  8.9019361883401871e-001  8.3665963262319565e-001  9.1426473110914230e-001  7.1534387767314911e-001  1.0095665603876114e+000  9.5447405427694321e-001  6.7195416241884232e-001  0.0000000000000000e+000  9.2084722220897675e-001  8.9941342920064926e-001  9.3037834018468857e-001  9.8492981493473053e-001  9.9763505905866623e-001  9.0961896628141403e-001  9.5286993682384491e-001  8.3348167687654495e-001  9.1048964858055115e-001  8.5272222757339478e-001  8.1961059570312500e-001  9.0830484032630920e-001  8.9749135076999664e-001  8.9126860350370407e-001  9.5747806131839752e-001  1.0101693570613861e+000  7.2979281097650528e-001  8.4938252717256546e-001  8.2080508023500443e-001  8.4425231814384460e-001  7.9337102174758911e-001  7.4147234112024307e-001  8.5337676852941513e-001  9.0374719351530075e-001  8.2128924131393433e-001  9.0992088615894318e-001  7.9434654861688614e-001  9.2474740743637085e-001  8.2683954387903214e-001  8.9978317916393280e-001  9.0947040915489197e-001  8.6322581022977829e-001  7.9954100400209427e-001  7.3497863858938217e-001  9.5263630896806717e-001  9.2987301945686340e-001  8.4945254027843475e-001  9.2837815731763840e-001  7.8892818838357925e-001  1.1055814921855927e+000  8.4345685690641403e-001  9.8188132047653198e-001  9.8294302076101303e-001  9.0270693600177765e-001  9.3318226188421249e-001  8.7268355488777161e-001  1.0207109600305557e+000  8.8839753717184067e-001  1.0567224770784378e+000  9.9779971688985825e-001  9.2607091367244720e-001  9.8273652046918869e-001  8.2616142928600311e-001  1.0107831433415413e+000  1.0813793167471886e+000  9.9374528229236603e-001  1.0586411580443382e+000  8.4974250942468643e-001  9.9340219795703888e-001  1.0963331758975983e+000  9.7719991207122803e-001  8.7693709880113602e-001  1.0496274530887604e+000  1.1244054809212685e+000  1.1177038624882698e+000  9.3543064594268799e-001  8.5499677062034607e-001  9.4741530716419220e-001  1.0554049536585808e+000  9.9802945554256439e-001  8.8705078512430191e-001  8.6741086095571518e-001  8.0027478933334351e-001  9.9319007992744446e-001  9.9637529253959656e-001  9.3139909207820892e-001  9.3568021804094315e-001  1.0232607871294022e+000  9.6612183004617691e-001  9.0784135460853577e-001
  8.4360881894826889e-001  8.5803532600402832e-001  7.7850373089313507e-001  8.4595025330781937e-001  8.3025432378053665e-001  8.1356180459260941e-001  8.0567790567874908e-001  8.4081906080245972e-001  8.0292324721813202e-001  7.8324851393699646e-001  7.9019730538129807e-001  9.2084722220897675e-001  0.0000000000000000e+000  6.9065811485052109e-001  6.2700936943292618e-001  6.9298261404037476e-001  7.1656860411167145e-001  6.0785328596830368e-001  6.7693370580673218e-001  6.6542378067970276e-001  7.1097558736801147e-001  5.9325353801250458e-001  5.9177707880735397e-001  6.8701945245265961e-001  7.4385511130094528e-001  8.0628601461648941e-001  8.8173929601907730e-001  8.7546756863594055e-001  7.8044109791517258e-001  8.3917862921953201e-001  8.8955266773700714e-001  7.9101733863353729e-001  8.0928070098161697e-001  7.4526634067296982e-001  8.2068907469511032e-001  8.5943555831909180e-001  7.9735144972801208e-001  7.6663026958703995e-001  6.9616499543190002e-001  6.7634419351816177e-001  7.4724918603897095e-001  7.3789223283529282e-001  8.0149555206298828e-001  6.4956335723400116e-001  7.1362191438674927e-001  7.5041359663009644e-001  7.3214452713727951e-001  6.7306508123874664e-001  9.1058243811130524e-001  8.7386042624711990e-001  8.5328756272792816e-001  9.4140999764204025e-001  9.1133120656013489e-001  9.5952023565769196e-001  9.3246179074048996e-001  1.0105405300855637e+000  9.9931915849447250e-001  8.4863924235105515e-001  9.4412038475275040e-001  1.0125273168087006e+000  1.0517477914690971e+000  1.0413007512688637e+000  9.3840478360652924e-001  1.0117384344339371e+000  9.3807470798492432e-001  1.0472133532166481e+000  1.0421110913157463e+000  8.9981094747781754e-001  9.2317795008420944e-001  9.2614205926656723e-001  9.3369103968143463e-001  1.0444366633892059e+000  9.2241474986076355e-001  9.5712469518184662e-001  1.0527454018592834e+000  9.6312782168388367e-001  9.9597412347793579e-001  9.0514022856950760e-001  8.8370299339294434e-001  8.9687164872884750e-001  1.0366380289196968e+000  9.6591759473085403e-001  9.0060409158468246e-001  9.1806433349847794e-001  9.0005531907081604e-001  1.0146141573786736e+000  1.0105695128440857e+000  1.0144166126847267e+000  8.5747991502285004e-001  9.7613379359245300e-001  9.0611537545919418e-001  1.0069411322474480e+000
  8.2332326471805573e-001  7.7756631374359131e-001  7.7979619055986404e-001  8.1829804927110672e-001  7.7098282426595688e-001  7.1901536732912064e-001  7.5892379879951477e-001  8.7327585369348526e-001  7.9653073847293854e-001  7.2784025967121124e-001  7.9522673040628433e-001  8.9941342920064926e-001  6.9065811485052109e-001  0.0000000000000000e+000  6.8439134210348129e-001  5.9424757212400436e-001  6.8585056066513062e-001  6.4699058979749680e-001  6.1406768113374710e-001  6.0130438208580017e-001  6.3543813675642014e-001  6.8757317960262299e-001  7.3795092105865479e-001  6.0743820667266846e-001  8.0737855285406113e-001  8.4411533176898956e-001  7.9199682176113129e-001  8.6275693029165268e-001  7.3188637197017670e-001  9.6698614954948425e-001  8.3065802603960037e-001  7.0000039786100388e-001  8.0267830938100815e-001  8.1131731718778610e-001  8.2673712819814682e-001  8.2006708532571793e-001  7.2256342321634293e-001  7.1784169971942902e-001  7.1366199851036072e-001  6.4157822728157043e-001  6.9937867671251297e-001  6.7121153324842453e-001  7.1284000575542450e-001  6.7689132690429688e-001  8.1131559610366821e-001  8.5796830803155899e-001  6.3613595068454742e-001  5.8534049242734909e-001  9.1791751980781555e-001  8.0441028624773026e-001  8.3072236180305481e-001  8.4122297912836075e-001  8.9881215989589691e-001  9.3502152711153030e-001  9.6015938371419907e-001  9.9650529772043228e-001  8.1716300547122955e-001  9.5802465826272964e-001  8.2564094662666321e-001  9.5243782550096512e-001  1.0594550222158432e+000  9.1508367657661438e-001  8.9146599173545837e-001  8.6308227479457855e-001  1.0069284811615944e+000  9.3578863888978958e-001  9.6049372106790543e-001  7.9988674819469452e-001  8.9779297262430191e-001  1.0279669687151909e+000  9.7107957303524017e-001  1.0492043048143387e+000  8.8522557169198990e-001  9.3462674319744110e-001  1.0250438451766968e+000  8.8404051214456558e-001  9.6992208063602448e-001  9.0461539477109909e-001  9.1939983516931534e-001  8.5049210488796234e-001  9.7890847921371460e-001  9.5813990384340286e-001  9.4757377356290817e-001  8.9358109980821609e-001  9.1735445708036423e-001  1.0287279710173607e+000  9.7770316153764725e-001  9.1556553542613983e-001  8.1098543852567673e-001  9.0401479601860046e-001  8.6802390962839127e-001  8.8643756508827209e-001
  8.9480854570865631e-001  8.0259166657924652e-001  8.5016399621963501e-001  8.2348768413066864e-001  8.4096424281597137e-001  8.6126302927732468e-001  8.1181970983743668e-001  8.1826099753379822e-001  7.3139854520559311e-001  8.2430733740329742e-001  7.9879458248615265e-001  9.3037834018468857e-001  6.2700936943292618e-001  6.8439134210348129e-001  0.0000000000000000e+000  7.5005787611007690e-001  7.2515366971492767e-001  6.7549726366996765e-001  6.6928950697183609e-001  6.6910399496555328e-001  6.6476946324110031e-001  6.8497057259082794e-001  7.0583275705575943e-001  7.4468326568603516e-001  8.0669751763343811e-001  8.5089919716119766e-001  9.1076106578111649e-001  8.7789105623960495e-001  8.4175481647253036e-001  8.8324967026710510e-001  8.8004407286643982e-001  7.7075216174125671e-001  7.7101034671068192e-001  8.0869316309690475e-001  8.8200370222330093e-001  8.4753734618425369e-001  8.0263952165842056e-001  7.5180842727422714e-001  6.9784155488014221e-001  6.8586150556802750e-001  7.3069481551647186e-001  6.8086082488298416e-001  8.2707198709249496e-001  7.2682005167007446e-001  7.5313827395439148e-001  8.1094487756490707e-001  7.1487352997064590e-001  6.8957177549600601e-001  9.3594665825366974e-001  8.5768644511699677e-001  9.0924555063247681e-001  9.6621073037385941e-001  9.1934885084629059e-001  9.4282960891723633e-001  9.7635946422815323e-001  9.9395781010389328e-001  9.3137674778699875e-001  8.9857491850852966e-001  9.2040612548589706e-001  9.4744043052196503e-001  1.1159845218062401e+000  9.1669419407844543e-001  9.2853476852178574e-001  9.6930927783250809e-001  9.3038192391395569e-001  1.0465746968984604e+000  9.9938227981328964e-001  9.2228977382183075e-001  9.5064448565244675e-001  9.1651619970798492e-001  9.6789778769016266e-001  9.7655909508466721e-001  9.8641977459192276e-001  8.0462732166051865e-001  1.0446593537926674e+000  9.1880016773939133e-001  9.6813844144344330e-001  9.2637194693088531e-001  9.2875440418720245e-001  9.0938746184110641e-001  1.0104082822799683e+000  9.2519352585077286e-001  9.4737155735492706e-001  9.1062099486589432e-001  9.6126788109540939e-001  1.0016377568244934e+000  9.7190561890602112e-001  1.0150969773530960e+000  8.1001308560371399e-001  9.4532690942287445e-001  8.4766559302806854e-001  9.5034842193126678e-001
  8.9737245440483093e-001  8.2134516537189484e-001  7.8713604062795639e-001  8.1826312094926834e-001  8.3023224771022797e-001  7.3580780625343323e-001  7.3211207985877991e-001  8.0284386128187180e-001  9.1800781339406967e-001  7.7083594352006912e-001  9.0035403519868851e-001  9.8492981493473053e-001  6.9298261404037476e-001  5.9424757212400436e-001  7.5005787611007690e-001  0.0000000000000000e+000  6.5483910590410233e-001  6.6044832766056061e-001  6.9076906889677048e-001  7.0212526619434357e-001  6.5950182825326920e-001  7.5702896714210510e-001  7.0876292884349823e-001  6.5064546465873718e-001  8.0769497901201248e-001  8.4501430392265320e-001  8.2418517023324966e-001  9.1532227396965027e-001  8.1564054638147354e-001  9.7875117510557175e-001  8.7957061827182770e-001  7.3968433588743210e-001  8.1906562298536301e-001  8.7534710764884949e-001  7.7117037028074265e-001  8.7077905982732773e-001  7.6403880864381790e-001  7.6531527936458588e-001  8.1496680527925491e-001  6.8449070304632187e-001  7.8911729156970978e-001  7.2725912928581238e-001  7.5878919661045074e-001  7.5077190250158310e-001  8.3929304033517838e-001  8.4686324745416641e-001  7.0100840181112289e-001  6.1007779091596603e-001  9.6542086452245712e-001  8.7066010385751724e-001  8.7621346861124039e-001  9.0661814063787460e-001  9.8759870976209641e-001  9.6319111436605453e-001  1.0503652915358543e+000  1.0730255395174026e+000  7.9627726972103119e-001  9.2106822133064270e-001  8.8541741669178009e-001  9.4903481751680374e-001  9.7735976427793503e-001  8.9687652885913849e-001  9.8596040159463882e-001  9.6620765328407288e-001  9.5915338397026062e-001  1.0093061923980713e+000  9.9869176745414734e-001  9.0136848390102386e-001  8.7912784516811371e-001  9.7809102386236191e-001  9.5443596690893173e-001  9.7747357934713364e-001  9.8529884219169617e-001  9.4720460474491119e-001  1.0021541863679886e+000  9.1245587915182114e-001  9.1142990440130234e-001  9.4457500427961349e-001  9.5647098124027252e-001  8.1353378295898438e-001  9.6530510485172272e-001  9.6323804557323456e-001  9.6722888946533203e-001  9.4527285546064377e-001  9.8309236019849777e-001  1.0658399313688278e+000  1.0022195056080818e+000  1.0378215759992599e+000  8.7687848508358002e-001  9.0597157180309296e-001  9.0944046527147293e-001  8.7142834067344666e-001
  9.4493763893842697e-001  7.2422980517148972e-001  8.1152890622615814e-001  7.9049654304981232e-001  8.0470300465822220e-001  8.1030865758657455e-001  7.8522866219282150e-001  8.0674120038747787e-001  8.8540553301572800e-001  7.1150583773851395e-001  8.1909525394439697e-001  9.9763505905866623e-001  7.1656860411167145e-001  6.8585056066513062e-001  7.2515366971492767e-001  6.5483910590410233e-001  0.0000000000000000e+000  7.3506157845258713e-001  6.8334272503852844e-001  7.4492380768060684e-001  7.1238110959529877e-001  7.5120890140533447e-001  6.5511668473482132e-001  6.9147114455699921e-001  8.4051238000392914e-001  7.9337279498577118e-001  8.2481768727302551e-001  8.4641913324594498e-001  8.5348145663738251e-001  8.5523872077465057e-001  8.9110749214887619e-001  8.0034245550632477e-001  8.2300256937742233e-001  8.2315428555011749e-001  8.9119723439216614e-001  8.3600188791751862e-001  7.3004487156867981e-001  7.8078372031450272e-001  7.6496631652116776e-001  6.7661318182945251e-001  7.0455757528543472e-001  7.1992821991443634e-001  8.0241004377603531e-001  7.7400650084018707e-001  7.0421405881643295e-001  8.8010581582784653e-001  6.8026788532733917e-001  6.4361558109521866e-001  9.5532942563295364e-001  8.7065288424491882e-001  9.4083194434642792e-001  8.6744680255651474e-001  9.7627487033605576e-001  8.7603493034839630e-001  9.4910786300897598e-001  1.0186788663268089e+000  8.3706210553646088e-001  8.4981773048639297e-001  8.8073888421058655e-001  9.5349477231502533e-001  1.0357174426317215e+000  9.2601481825113297e-001  8.8757609575986862e-001  9.7459445893764496e-001  9.8925317823886871e-001  1.0610859766602516e+000  9.4170586019754410e-001  8.9102237671613693e-001  8.5086949914693832e-001  1.0358342975378036e+000  9.7119200229644775e-001  1.0075213015079498e+000  9.2472974956035614e-001  8.6704619228839874e-001  1.0616917982697487e+000  8.8210171461105347e-001  8.7187445908784866e-001  9.6948692947626114e-001  8.8188554346561432e-001  8.8761674612760544e-001  1.0413675606250763e+000  1.0395115166902542e+000  9.0149340778589249e-001  9.9465948343276978e-001  9.5701906830072403e-001  1.0334858074784279e+000  9.8439655452966690e-001  9.7215346246957779e-001  8.3601316809654236e-001  8.9256707578897476e-001  9.1363126039505005e-001  8.6565679311752319e-001
