  0.0000000000000000e+000  9.6691272460410160e-001  6.9978381454449012e-001  1.0161107638147073e+000  8.6903618063011789e-001  9.3095538268008970e-001  1.0143259664871611e+000  8.2337307814187288e-001  9.1827298164493065e-001  9.7454389493428695e-001  7.7953549288474211e-001  8.7894277072203408e-001  9.6041590741100535e-001  9.8289707224551082e-001  9.5792562913026080e-001  1.0103265566433774e+000  9.4342471734653477e-001  9.3933861370674432e-001  1.0271525458967612e+000  9.1732765581477360e-001  9.6157995714250499e-001  1.0915347867678624e+000  1.0473927767189097e+000  9.8949210900197648e-001  9.7685404720318603e-001  9.3271289966068904e-001  1.0617205723892809e+000  1.0542828814329441e+000  9.5394895290656523e-001  1.0199627935206115e+000  1.0051533942493580e+000  9.8398989586405117e-001  9.0162646599945029e-001  9.6422267690673613e-001  9.2445139034569335e-001  9.9061218284831343e-001  8.3387738250283372e-001  8.6375033201525864e-001  9.7360266230771475e-001  1.0136140150396773e+000  8.9754576217399973e-001  8.9102116041464918e-001  9.7048733629033423e-001  9.4218532703068403e-001  9.1541870688237525e-001  9.4874640414202749e-001  9.1099802282821596e-001  1.0518639428022243e+000  9.9212270247754641e-001  9.1791486474784800e-001  9.6681353444632023e-001  9.7864163114986591e-001  9.5811877173210824e-001  9.6164323812862984e-001  1.0238690789746738e+000  9.8602433641737752e-001  1.0164394209636833e+000  1.0094356354117919e+000  1.0164457548037402e+000  9.5481442870678035e-001  1.0842747452488006e+000  1.0304706733501692e+000  9.6299716428946869e-001  1.0023520232149767e+000  8.6880866868350470e-001  9.7922260115340054e-001  1.0571771382181667e+000  8.9569310569445670e-001  9.7585194677661691e-001  9.0895191664528030e-001  1.0005622377528465e+000  1.0820899641715471e+000  1.0436432665083730e+000  9.9231530766273790e-001  1.0442284220668347e+000  1.0713091924415081e+000  1.0374913827658472e+000  1.0377741566490537e+000  8.9927861315872737e-001  1.0937063274526395e+000  1.0448777204824644e+000  1.1265514895204747e+000  1.0054212794355328e+000  1.0475108427342912e+000  1.0598109929736763e+000  1.0246318130203309e+000  1.0274795096023090e+000  9.9767058320063684e-001  1.0285840373127344e+000  1.1182031732427025e+000  1.1352358506219833e+000  1.0843707109675502e+000
  9.6691272460410160e-001  0.0000000000000000e+000  9.1913904670932578e-001  1.0572074743331368e+000  1.0164781826659406e+000  1.0141278038051633e+000  1.1139610058435065e+000  9.7043086784891808e-001  7.1081193546070487e-001  1.0522457124679900e+000  8.7601070627450595e-001  8.6815517073003101e-001  8.1543646551112547e-001  8.9382507090692165e-001  8.4043329748591877e-001  8.4294258711713410e-001  8.1257392136347217e-001  8.1516053933871246e-001  8.8225243227063133e-001  7.5921266027022616e-001  8.4596583671890735e-001  8.6334648355279109e-001  9.0498392658060034e-001  7.7837539726895888e-001  1.0516101105524867e+000  1.0657146161695561e+000  1.0960579138262290e+000  1.0127168194671341e+000  9.6324353689306463e-001  1.0108385266293518e+000  1.0730969791572245e+000  1.0490857133601357e+000  1.0270145113950424e+000  8.5789519299929751e-001  1.0494354355033124e+000  1.0594575223240184e+000  8.6340587223544363e-001  9.8660979045671315e-001  9.0087454741515061e-001  6.9814057690214959e-001  8.5284222314780089e-001  8.0706455182695480e-001  9.1532440311064001e-001  8.5671915403548526e-001  7.9809904628047990e-001  8.9110589620251235e-001  7.8702092525093237e-001  8.8909061133374423e-001  1.1010013304774817e+000  9.9333170081673583e-001  1.0223497120391281e+000  1.0373692279356894e+000  1.0658495030069310e+000  1.0588958970309119e+000  9.4372911837904183e-001  1.0361984956990440e+000  1.0461503438772459e+000  1.0063872166293391e+000  1.1029699016520322e+000  9.9643615728048496e-001  1.0623709025664325e+000  1.0497180703416829e+000  1.0521437973069219e+000  9.8694393276443904e-001  9.9820055389796780e-001  9.8572955639287585e-001  1.0489838783423135e+000  1.0127413086742865e+000  1.0569549523564858e+000  9.7589038753542268e-001  1.0389581020190419e+000  1.0805857669913690e+000  1.0437602287108469e+000  1.1128414856111326e+000  1.0703688500859747e+000  1.0562135202632683e+000  9.3757003529554683e-001  1.0546629641455492e+000  1.0473613242840107e+000  1.0571336692331681e+000  1.0292953882602183e+000  1.0760198832401733e+000  1.1563898855287227e+000  1.0406109264069794e+000  1.0437283657218714e+000  1.0346194288822621e+000  9.6012825808839497e-001  1.0639983439631475e+000  9.8475677972077791e-001  9.8748887101755622e-001  1.0102042541410186e+000  1.0303020755740280e+000
  6.9978381454449012e-001  9.1913904670932578e-001  0.0000000000000000e+000  1.0497700319718533e+000  9.9148562259358908e-001  9.2971852995326709e-001  1.0571720821846984e+000  8.1259165452687931e-001  9.1683849370156778e-001  9.6903968399140805e-001  7.6550696482186653e-001  8.4215147039670724e-001  9.7251202703819450e-001  9.0952953788834334e-001  9.1531629407994386e-001  9.8023929470861570e-001  9.7324408757735581e-001  8.6928239224545345e-001  9.3336658866951272e-001  8.7699309642756540e-001  9.1873292713784438e-001  9.4260016402127178e-001  8.8852665972320899e-001  9.2140735417542252e-001  1.0043892122842923e+000  9.5787164156709403e-001  9.9638572033057826e-001  1.0747975851636702e+000  9.6164453558365148e-001  1.0093575311870420e+000  1.0373905157751790e+000  1.0534684811909822e+000  9.9223569451005145e-001  9.9407718694905900e-001  1.0276827306728038e+000  9.7177637423599683e-001  9.1703982610161550e-001  9.2075162418533174e-001  9.4623466934512701e-001  9.0537515727081352e-001  8.7352509242929655e-001  9.3466535358709435e-001  9.9452870137701432e-001  9.0088795063233551e-001  9.8060860475897038e-001  9.3793086876542686e-001  9.2500120569714117e-001  1.0352259541638285e+000  1.0504723689357129e+000  9.0973629023525915e-001  9.5597451556195867e-001  1.0314909627705966e+000  1.0413312669395769e+000  9.7266900939430212e-001  9.8267446733073638e-001  1.1014153197013408e+000  1.0278889192019618e+000  9.5661696692078768e-001  9.9007010563025355e-001  9.2354453258145452e-001  1.0617456505688632e+000  1.0073733430592737e+000  1.0076562351052007e+000  1.0289124304185679e+000  9.1634174205171093e-001  1.0342342435510279e+000  1.0557967943300177e+000  9.8931960425006626e-001  1.0059626270613107e+000  9.4056057423991257e-001  1.0660075185481515e+000  1.0622299099676309e+000  1.0441741481149027e+000  1.0339504708219129e+000  1.0407717134381629e+000  1.1044360672235201e+000  1.0378646428410820e+000  1.0430798449795708e+000  9.7675736531728030e-001  9.8264926826308319e-001  1.0571599937696821e+000  1.0797680505510248e+000  1.0103993897140566e+000  1.0096843427655053e+000  1.0992029682237170e+000  1.0577883523716169e+000  1.0850543641949661e+000  1.0242618330435607e+000  1.0355266688155265e+000  1.0848438885188720e+000  1.0792226746196447e+000  1.0624258779061690e+000
  1.0161107638147073e+000  1.0572074743331368e+000  1.0497700319718533e+000  0.0000000000000000e+000  1.0407422698217723e+000  8.3558829173943805e-001  8.2330116910378270e-001  9.7523611360694362e-001  1.1088780646933438e+000  6.7101648541163728e-001  9.2135463142732510e-001  9.7772277940194652e-001  9.7574508581437991e-001  1.0831660017375357e+000  1.0745357922361396e+000  9.6826812901168502e-001  1.0096372367959281e+000  1.0662892513628108e+000  9.4148849450239402e-001  1.0432876672123483e+000  9.7561485165402873e-001  9.5375260202571699e-001  1.0065585103390764e+000  9.8124034009132544e-001  9.5398562463292536e-001  1.0345311024464683e+000  1.0537560449413315e+000  9.9213672181505763e-001  9.3540086644725984e-001  9.8380891400411141e-001  9.4031425533923085e-001  9.5067694992895047e-001  9.6729909673422676e-001  9.6297411603177563e-001  9.4338402853837255e-001  8.4214721534417791e-001  1.0900518171563367e+000  1.0233470359487338e+000  9.9331670168170605e-001  1.0955053899150742e+000  8.7460428441482829e-001  1.0678237508529418e+000  1.0233382827462403e+000  1.0396791662267391e+000  1.0633435500794719e+000  1.0695490083227859e+000  1.1120700388541771e+000  1.0651849345109552e+000  1.1033509359036213e+000  9.5458525805424532e-001  1.1880655406696845e+000  9.6266411290658871e-001  1.0355219915530420e+000  1.0378930544599398e+000  1.0067986919536611e+000  1.1598306875396398e+000  1.0726443294734862e+000  1.0421986389126161e+000  1.0414243501359066e+000  9.5786546253138938e-001  1.0367848430315507e+000  1.0171277976492445e+000  9.9510056719836093e-001  1.0167032969340664e+000  1.0294731503887893e+000  9.6313202920246532e-001  1.0848215242477528e+000  1.0057713002004043e+000  1.1551778460644682e+000  1.0224175374122078e+000  1.0135456406439887e+000  9.6006016091944535e-001  9.9051830600090640e-001  9.3983616829905692e-001  9.5514478049190910e-001  1.0607618808274690e+000  1.0065278402919473e+000  1.0709019132698572e+000  9.9606521384390145e-001  9.7124147240754877e-001  1.1322994309212771e+000  1.0593977368038614e+000  9.9015890721336153e-001  9.1872167435093965e-001  1.0803776651585859e+000  1.0465509438136438e+000  1.0714839807134040e+000  9.0201007390490084e-001  1.1046682965351924e+000  9.6414841355760528e-001  1.0332555852698153e+000  1.0101064293668360e+000
  8.6903618063011789e-001  1.0164781826659406e+000  9.9148562259358908e-001  1.0407422698217723e+000  0.0000000000000000e+000  1.0137011003648364e+000  1.0749246513745925e+000  1.0203247052313273e+000  9.0020182283017514e-001  9.7574999155483821e-001  8.5014922054538322e-001  8.9166117531442557e-001  9.5840983218531084e-001  9.1901840166716209e-001  9.9478692892930642e-001  1.0064639541044955e+000  9.4281594449172212e-001  9.8046616496591277e-001  9.9185884027914994e-001  9.5694827877322086e-001  8.8009849352214675e-001  9.2127925026115753e-001  1.0295347197323055e+000  9.5827895486108183e-001  9.8378338129903609e-001  1.0034234759706759e+000  1.0660072771827653e+000  1.0140647115779566e+000  1.0162550494481446e+000  1.0119117797626587e+000  1.0394215078822107e+000  1.0308434214700841e+000  9.0525173241576562e-001  9.9485410197483048e-001  9.6066598540158676e-001  8.9768448331987105e-001  9.3547217839053765e-001  9.7594636504171606e-001  1.0981646499405142e+000  9.6966749691132192e-001  9.7414583838542756e-001  9.1318808397268003e-001  9.1963010874990680e-001  9.3332497011529780e-001  9.6984456424497301e-001  1.0188623168098860e+000  9.7943191609122204e-001  9.4357328317001332e-001  9.9728866783485470e-001  9.4262042945673186e-001  9.8912043027740826e-001  9.7602622255418925e-001  1.0059597590105629e+000  9.1746703413690289e-001  9.1760378213104343e-001  9.7325943991036801e-001  9.6948224451181875e-001  9.7244535073891392e-001  9.7010466658953531e-001  9.4938195841309259e-001  9.4743472558403274e-001  8.9747157824695389e-001  9.7653641641109368e-001  9.4329339005065616e-001  9.9115390599710707e-001  1.0003113278631619e+000  9.7109938425754538e-001  1.0451772945550430e+000  9.5969149908879814e-001  9.0099081424879679e-001  1.0359126935632601e+000  9.7900549051240138e-001  1.1238607039490225e+000  1.0358869085490854e+000  1.0140630081185271e+000  1.0116699036690846e+000  1.0370171539530835e+000  1.0425656922071744e+000  9.9606029527661488e-001  1.0902994058203432e+000  9.5678149956736047e-001  1.0248038204495946e+000  1.0565724422140732e+000  1.0129330102792302e+000  1.0433895544913834e+000  9.6646782134816323e-001  1.0695426302135453e+000  9.9195956585835732e-001  9.3333553449528017e-001  1.0456476591704436e+000  1.0279580713934211e+000  1.0290011369492440e+000
  9.3095538268008970e-001  1.0141278038051633e+000  9.2971852995326709e-001  8.3558829173943805e-001  1.0137011003648364e+000  0.0000000000000000e+000  7.5586643168430712e-001  9.6963659329941643e-001  1.0261196953048044e+000  7.0319933548131175e-001  1.0338455578817805e+000  1.0392629434128142e+000  9.4766582344534489e-001  1.0622004423330127e+000  1.0766310257523857e+000  1.0409034091101090e+000  1.0079917503431033e+000  1.0057426262306426e+000  9.7068318132154652e-001  1.0697508971058673e+000  1.0910665178055816e+000  9.9671817153841835e-001  1.0009369131785395e+000  1.0260666987458142e+000  9.9357896807289070e-001  1.0556640326771376e+000  9.4846978826273154e-001  9.6922492017822415e-001  1.1134596254580487e+000  8.9045658121800941e-001  1.0637055116271381e+000  9.2077307192025215e-001  9.3477098693680016e-001  9.7172762901695497e-001  9.6856353480298041e-001  9.6249514329676755e-001  1.0318114125929205e+000  9.9644445544015814e-001  1.0679100929078209e+000  1.1496770562071013e+000  1.0495835949607617e+000  1.0265591297198391e+000  1.0193066547445768e+000  1.0321152290827018e+000  1.0413902997196025e+000  1.0770662781167619e+000  1.0625225814813197e+000  1.1121848374600576e+000  9.8842805861691097e-001  1.0948247023282187e+000  9.8953558363657013e-001  1.0210884944447423e+000  9.8867802154979545e-001  1.0036385503136735e+000  1.0915761429176232e+000  1.0392404537247275e+000  1.0315818906889440e+000  1.0306778246285617e+000  9.0922184361464320e-001  1.0394272539205409e+000  1.0872831152975877e+000  1.1129791553347430e+000  9.1614664891904907e-001  1.0937964296118052e+000  1.0208437019589316e+000  1.1052774536097409e+000  1.0899088016268315e+000  9.6934460662476440e-001  1.0676600733659425e+000  1.0906350397151203e+000  1.0434564198452854e+000  1.0481599212301131e+000  8.8670281688539332e-001  9.0880512671236102e-001  9.2794032891023803e-001  1.1062937115902993e+000  1.0197640106940107e+000  1.0285427821879678e+000  9.5539928081761516e-001  8.0812739657457455e-001  1.0676915477603781e+000  1.1016352270037624e+000  9.1628440336804751e-001  9.4417508129819117e-001  9.4193472727812033e-001  1.0678769382030295e+000  9.4791144514534298e-001  1.0039308014046791e+000  1.0715879579084246e+000  9.6084968875228149e-001  1.0102651828155405e+000  1.0724214490673241e+000
  1.0143259664871611e+000  1.1139610058435065e+000  1.0571720821846984e+000  8.2330116910378270e-001  1.0749246513745925e+000  7.5586643168430712e-001  0.0000000000000000e+000  1.0170832112816357e+000  1.1672550291601200e+000  8.3918989203729089e-001  1.0406744226879088e+000  1.0070611158262479e+000  1.0570272417559994e+000  1.0492583927656502e+000  1.0623884071921335e+000  1.0285040309566225e+000  1.0241546697642658e+000  1.0231011903688783e+000  1.0481915311767305e+000  1.1168602428486372e+000  1.0733417679407173e+000  1.0288299226157245e+000  1.0540171551840052e+000  1.0991642485163848e+000  1.0661014289481638e+000  1.0264287675390285e+000  8.9980963321543961e-001  9.5819332246415667e-001  1.0130290680378864e+000  9.1847461424375876e-001  9.9095689474510762e-001  1.0239573011627754e+000  9.7767843914877695e-001  9.0253011151677542e-001  1.0779636114889870e+000  1.0128435465453101e+000  1.0333969140567341e+000  1.0698811356705262e+000  9.9071190863733771e-001  1.1329703799595252e+000  9.6649370291900116e-001  9.7559567411506820e-001  1.0518295805399438e+000  1.0700085411226268e+000  9.7665554401889720e-001  1.0047382403982779e+000  1.0792781166300398e+000  1.0137515916525313e+000  1.0442612066790200e+000  1.0802495407151569e+000  1.0339650335114243e+000  9.4041231324994334e-001  1.0512459409210217e+000  1.0848158101403895e+000  1.1326863756971495e+000  1.0855857135854272e+000  1.0490918714198012e+000  9.7103585346604371e-001  9.6294712102715474e-001  1.1758480140030341e+000  1.0945957453843342e+000  1.0676918710081205e+000  9.7595163478289049e-001  1.1120503649571536e+000  1.0389987029489420e+000  1.1008954365907435e+000  1.0613039339243004e+000  1.0331355667718558e+000  1.0561544362310005e+000  1.1159720717562593e+000  1.0744432808542967e+000  1.0348928516259728e+000  8.9940398436832969e-001  9.1599488522066219e-001  9.5749261798866603e-001  1.0281961103293842e+000  1.0249508876225917e+000  1.0194450605105738e+000  1.0692560529456576e+000  9.0193830589129509e-001  1.2068472065767013e+000  1.0422921154907994e+000  1.0124605785778071e+000  8.8931695990734538e-001  1.0636667130740483e+000  9.8881814898770282e-001  9.8175288503146263e-001  9.7030035739951570e-001  1.0018349408751270e+000  1.0401025557887300e+000  9.5423910780235988e-001  1.1228456774190698e+000
  8.2337307814187288e-001  9.7043086784891808e-001  8.1259165452687931e-001  9.7523611360694362e-001  1.0203247052313273e+000  9.6963659329941643e-001  1.0170832112816357e+000  0.0000000000000000e+000  9.9062297818297429e-001  1.0280496222380322e+000  7.9669474325763801e-001  9.1080914248141409e-001  1.0861931697706864e+000  1.0318208366505410e+000  9.7697931111114400e-001  1.0247968421141616e+000  1.0149145380339255e+000  1.0669509926485121e+000  1.0083354080572042e+000  1.0208625257294184e+000  1.0303308661924262e+000  1.0162173559982390e+000  1.0399468280256843e+000  1.0166092088821663e+000  1.0165186731326539e+000  9.6241200051324671e-001  9.5647156661687383e-001  9.8579734320365453e-001  1.0411715350874242e+000  1.0780759627969385e+000  1.0127212908035059e+000  1.0171848235496161e+000  1.0505260808574932e+000  1.0302269401673514e+000  1.0092056104396696e+000  1.0234321253262140e+000  1.0401128862805773e+000  9.9018582833232383e-001  9.9632133266266476e-001  9.5527380168895715e-001  9.9871592636899698e-001  1.0285457303984340e+000  1.0258989273342722e+000  9.2440768206456903e-001  9.7930003580515268e-001  9.5828068108696529e-001  1.0006833146906922e+000  9.6648040183808692e-001  9.3740360845921944e-001  9.2721462121840070e-001  1.0097804865415561e+000  1.0445407335098846e+000  1.0217548587483765e+000  9.3404506019296685e-001  9.8045784983772355e-001  1.0251115867571947e+000  1.0659165801069792e+000  9.6824608045264260e-001  9.3151852785731093e-001  1.0804397711698517e+000  1.0462504634570677e+000  1.0337501597805703e+000  1.0079216272018141e+000  9.8130591687423763e-001  9.3467675359251234e-001  1.0118340029280746e+000  1.1203946008614190e+000  1.0086653018485219e+000  9.5734475005560682e-001  9.9337797526079863e-001  1.0871957379821311e+000  1.0437988574973853e+000  1.0107945907869740e+000  1.0121742312496027e+000  1.0472495044395438e+000  9.9110530511001127e-001  1.0086051897407768e+000  9.7477236899426145e-001  1.0176571491472739e+000  1.0187985376650064e+000  9.8752477572188080e-001  1.0360438940324541e+000  1.0772775334284870e+000  1.0656254703998127e+000  1.0748424196475144e+000  9.7712656795486785e-001  1.0521359479075563e+000  9.9889714240013128e-001  1.0458705185973174e+000  1.0530247624833007e+000  9.8985661117336854e-001  9.7153544304341199e-001
  9.1827298164493065e-001  7.1081193546070487e-001  9.1683849370156778e-001  1.1088780646933438e+000  9.0020182283017514e-001  1.0261196953048044e+000  1.1672550291601200e+000  9.9062297818297429e-001  0.0000000000000000e+000  1.0403423285125069e+000  8.9070143582665340e-001  9.5434450648729907e-001  8.5709855398426327e-001  9.1901452580454168e-001  8.5763947047272970e-001  8.7886165706855146e-001  8.6097480520220127e-001  9.3732953565147314e-001  8.9186137627936324e-001  8.2552416039065657e-001  8.8898421864452670e-001  9.1828038105431098e-001  9.8739516969099661e-001  8.5912118245364777e-001  1.0745619510675479e+000  9.4901470201140847e-001  1.0111512721147029e+000  9.9466703508143239e-001  9.6045303716478636e-001  1.0019719332744785e+000  1.0723032423330510e+000  1.0308996085694890e+000  1.0047418326061601e+000  9.8918852112230049e-001  1.0519561912720525e+000  1.0521242958044077e+000  9.6078037344531042e-001  9.6006993010789743e-001  9.8102660207925751e-001  7.4985505355159310e-001  9.9116170364328005e-001  9.1298049630264844e-001  8.5811204686953602e-001  8.1970668791901258e-001  8.2985085934960556e-001  9.1274798836948345e-001  8.5057189850623904e-001  9.6539027515196396e-001  1.0819064813481272e+000  9.8442126391172735e-001  9.1582496400169155e-001  1.0159916412582379e+000  9.9322206398291724e-001  9.9130601723240819e-001  9.1685442626812352e-001  1.0553975278981724e+000  9.9653743407892348e-001  9.1458108125375015e-001  1.0790586385605223e+000  9.7661761150667681e-001  1.0252362074208468e+000  9.5638661680463055e-001  1.0274796076191364e+000  9.5648968800386669e-001  9.9364834224775456e-001  9.3878293415359093e-001  1.0653276476773716e+000  1.0000905421402095e+000  1.0258582350093304e+000  9.0420662717605027e-001  1.0455580681079761e+000  9.6512194719177868e-001  1.1146073437897392e+000  1.0692336969227407e+000  1.0565149561441292e+000  9.5348495119157173e-001  9.4161740299502472e-001  1.0188348865912586e+000  9.7202263813001211e-001  1.0709876035334078e+000  9.4993880403376452e-001  1.0399534688169880e+000  1.0052551411963657e+000  1.1101153312306771e+000  1.0267152004542852e+000  1.0003966869462266e+000  1.0703497260424324e+000  1.0393933699186881e+000  9.9341158972558130e-001  9.2745777740897106e-001  9.4430120974180987e-001  9.7985992897882757e-001
  9.7454389493428695e-001  1.0522457124679900e+000  9.6903968399140805e-001  6.7101648541163728e-001  9.7574999155483821e-001  7.0319933548131175e-001  8.3918989203729089e-001  1.0280496222380322e+000  1.0403423285125069e+000  0.0000000000000000e+000  1.0092610691159065e+000  1.0147209744308772e+000  9.5272133887954946e-001  9.5547516727863668e-001  1.0399979978931324e+000  1.0015798920216645e+000  1.0120815297760426e+000  9.9483060869278128e-001  9.2241939380550164e-001  1.0205830026109481e+000  1.0602754816703879e+000  9.9520304760877820e-001  1.0674684489244888e+000  1.0535778375326246e+000  1.1017386729506011e+000  1.0349787709090943e+000  9.9444938124365345e-001  9.0269505606165712e-001  9.8600368203546052e-001  9.1322688491239368e-001  1.1201764590276069e+000  1.0553271434391212e+000  9.3247746169795964e-001  1.0161209066647185e+000  9.7657348461798477e-001  9.2644876930109710e-001  9.7829647068718106e-001  9.9492480638044156e-001  9.6573518691834537e-001  1.0205554645929171e+000  9.2392929183961836e-001  9.9661746226971870e-001  1.0421048224480542e+000  1.0786772885776128e+000  9.4767818203601628e-001  1.1139805368318410e+000  1.1500803408464779e+000  1.0023367135831238e+000  1.1388427079972661e+000  1.1208523403380262e+000  1.1215876362334964e+000  9.4215852142637280e-001  1.0427337994311110e+000  9.9349955487147246e-001  1.0592613672478737e+000  1.0373765418783454e+000  1.0144435704448713e+000  8.8299888806181737e-001  9.6729325109757824e-001  1.0375761440167779e+000  1.0999494518128290e+000  1.0285465830552398e+000  8.9740277880563957e-001  1.0245937999923775e+000  1.0092384868739031e+000  1.0346848502951345e+000  9.8385583957837708e-001  1.0616493493916084e+000  1.1226673271321044e+000  1.0736387270276140e+000  1.0982864420196004e+000  1.0652368063822828e+000  9.7633881994010385e-001  9.3883635715346236e-001  9.9301140751537853e-001  1.1428861271268589e+000  1.0115039890124089e+000  1.0615568171515086e+000  9.9903813084697901e-001  9.9749709707308321e-001  1.1866185168100210e+000  1.1026863151623922e+000  1.0185301034958161e+000  9.4834539302867693e-001  1.0431415260342243e+000  1.1336853390456272e+000  9.4506645096575514e-001  9.0737738164076909e-001  9.5978581637827387e-001  1.0683153601477735e+000  1.0279497366196979e+000  1.0124793073116289e+000
  7.7953549288474211e-001  8.7601070627450595e-001  7.6550696482186653e-001  9.2135463142732510e-001  8.5014922054538322e-001  1.0338455578817805e+000  1.0406744226879088e+000  7.9669474325763801e-001  8.9070143582665340e-001  1.0092610691159065e+000  0.0000000000000000e+000  8.6635138125263711e-001  9.5189773621317264e-001  1.0081648314293929e+000  8.9270891656769169e-001  9.3502724067575316e-001  9.3142204275995411e-001  9.5214968397986766e-001  9.4145837897246876e-001  9.0202078427973487e-001  9.5864210134026795e-001  9.9214934163730695e-001  9.9179076426716584e-001  8.9772625641941306e-001  1.0094106355338817e+000  8.8314703446542653e-001  1.0519913217973049e+000  1.0444523034969380e+000  9.5045553254185888e-001  1.0164999943132489e+000  1.1028120336859626e+000  1.0251770018035236e+000  8.9649710062435339e-001  9.2114801902469978e-001  9.2396000723096228e-001  1.0481411684526023e+000  9.2848908594704360e-001  9.7618883108682719e-001  8.6673066900152484e-001  9.2989532798536889e-001  9.7580369316361948e-001  9.6883881809545902e-001  8.6106758626963487e-001  8.5988528027786404e-001  9.9504948712288932e-001  1.0016731324189996e+000  9.5902832405010463e-001  9.4312800840015343e-001  9.8143900979397669e-001  8.7182859618070085e-001  9.3566384869975550e-001  9.8154118775481836e-001  1.0656295726301828e+000  9.9657969891541076e-001  9.1216830607977317e-001  1.1140570025020948e+000  1.0092732078052591e+000  9.8876913460138705e-001  9.9083852164895592e-001  9.9293807734452044e-001  1.0865288339720025e+000  1.1130161191320957e+000  9.7629932045243040e-001  9.2636503085939925e-001  8.9319685259233927e-001  9.3832781326194603e-001  1.0356832395724573e+000  1.0800815845879070e+000  9.4912018575750579e-001  9.7331638751794103e-001  1.0450742125642059e+000  1.0036317891644839e+000  1.0574899499999055e+000  1.0319743426782590e+000  9.8198109989868088e-001  1.0644958960489739e+000  1.0178838250486346e+000  1.0193368356065242e+000  1.0055677042545872e+000  1.0747257998655086e+000  1.0215529487279229e+000  1.0926671133084742e+000  1.0593855851437541e+000  1.0039917092481212e+000  1.1302728722893545e+000  1.0358942599227496e+000  1.0597477654001597e+000  1.0321452971524727e+000  1.0395344359568197e+000  9.8822839014205410e-001  1.0517479656146418e+000  1.0289711381661164e+000
  8.7894277072203408e-001  8.6815517073003101e-001  8.4215147039670724e-001  9.7772277940194652e-001  8.9166117531442557e-001  1.0392629434128142e+000  1.0070611158262479e+000  9.1080914248141409e-001  9.5434450648729907e-001  1.0147209744308772e+000  8.6635138125263711e-001  0.0000000000000000e+000  9.9683820036785953e-001  1.0096971777234185e+000  9.5705938258785872e-001  9.7633150927890699e-001  9.8835824798139382e-001  1.0184816173156075e+000  9.5490895196661130e-001  9.6764681726617152e-001  1.0398354072171263e+000  1.0028668378168717e+000  1.0067261578652886e+000  9.4899820997509876e-001  9.5240128086389775e-001  9.7924758117625677e-001  9.6320776061564473e-001  9.9382433291223482e-001  9.0839864746576771e-001  9.9496365851937696e-001  9.9105868146109366e-001  1.0703922154529979e+000  9.5515260057332918e-001  9.4297838189107919e-001  9.6983745701819701e-001  9.6046937925232068e-001  9.9224249960457678e-001  9.7529524278831015e-001  8.4885952022145950e-001  8.8731123262404388e-001  9.8146587028273502e-001  9.2646989192117857e-001  9.9528899037557006e-001  9.5196938504619710e-001  8.3992774780484492e-001  1.0207999804000152e+000  1.0112457286713177e+000  1.1107004590415992e+000  1.0258640554963800e+000  9.1921050842623364e-001  1.0449088967110363e+000  1.0135558118663748e+000  9.4257808592647807e-001  9.3636624601882434e-001  9.4529488717949128e-001  1.0452224593048085e+000  9.8177003680303820e-001  9.7531148162723502e-001  9.9975676867177454e-001  9.4681311644747435e-001  1.0013240114099502e+000  9.5083858692577150e-001  1.1258089969268614e+000  9.6950970192934771e-001  9.6983083334755615e-001  1.0252118144123086e+000  1.0182094807235211e+000  9.9667933680580367e-001  1.0473740427288842e+000  1.0102709149220990e+000  1.0103248638199174e+000  9.7840515346250112e-001  1.0754002686423552e+000  9.8095341555967885e-001  1.1043604183081246e+000  1.0637516212693556e+000  9.5393120959659772e-001  9.8643568621749367e-001  9.9477570985418029e-001  1.0110373360533631e+000  9.9205986986554773e-001  1.0015970967515679e+000  1.0593256717822925e+000  1.0156907235291925e+000  1.1266412850311220e+000  1.0036450650319282e+000  1.1245448310651425e+000  1.0027083051899359e+000  9.9756322191926750e-001  1.0451320219285956e+000  1.1269124432983053e+000  1.0720984838882912e+000
  9.6041590741100535e-001  8.1543646551112547e-001  9.7251202703819450e-001  9.7574508581437991e-001  9.5840983218531084e-001  9.4766582344534489e-001  1.0570272417559994e+000  1.0861931697706864e+000  8.5709855398426327e-001  9.5272133887954946e-001  9.5189773621317264e-001  9.9683820036785953e-001  0.0000000000000000e+000  7.0375042915509622e-001  7.9312968211292167e-001  6.2260445590552083e-001  6.4467659585917403e-001  6.6078358887645128e-001  6.8833721946503368e-001  6.6920935010752147e-001  6.3240052955291726e-001  6.8568569624173337e-001  6.8321905172645248e-001  5.9832033721207589e-001  1.0134618697418039e+000  1.0656296803942011e+000  1.0782654200011819e+000  1.1484249504085742e+000  1.0316000384632822e+000  1.0182986279342927e+000  1.0362416398890346e+000  1.0241774371029164e+000  9.2704750288180438e-001  9.4763409759314132e-001  9.8072170926807922e-001  9.4255344810343467e-001  8.4033055153449243e-001  7.4523999239491312e-001  9.1982470981079212e-001  8.1735447527140059e-001  8.5112402808924625e-001  8.2433387678448056e-001  9.3462765879372911e-001  8.6781287849769162e-001  9.8674467480189254e-001  7.9932559240604051e-001  7.5824150958052761e-001  8.3746158430440198e-001  1.0619835603819525e+000  1.0668876873171600e+000  1.0639416523852856e+000  1.0443290087292529e+000  1.0745681598370052e+000  1.0194391804391152e+000  1.0279574670052380e+000  1.1056759736870019e+000  1.0955069011655454e+000  1.0561609308907327e+000  1.1098153648171829e+000  9.6037644085680429e-001  1.0502228619552263e+000  9.8329064246082831e-001  1.0487395296275248e+000  9.5960293659489149e-001  1.0225805916193147e+000  1.0390186021830941e+000  9.9234397237766325e-001  1.0240735159875825e+000  1.0884952640702239e+000  1.0942623188924938e+000  1.0268503238677280e+000  1.0448169870675825e+000  1.1089045277618736e+000  1.0523533418540676e+000  1.0630786961842702e+000  1.0510613932286095e+000  9.9609584718339828e-001  1.0419878560115945e+000  1.0735182365620084e+000  1.0264958054464031e+000  9.4274956006104493e-001  9.8348411689864312e-001  1.0496883022009049e+000  1.0376456840778128e+000  1.0743417085738407e+000  1.0748405990392516e+000  1.0174874108602152e+000  1.0652360088099675e+000  9.5493882779424322e-001  9.9259996573937570e-001  1.0100165060441140e+000  1.0494095540493154e+000
  9.8289707224551082e-001  8.9382507090692165e-001  9.0952953788834334e-001  1.0831660017375357e+000  9.1901840166716209e-001  1.0622004423330127e+000  1.0492583927656502e+000  1.0318208366505410e+000  9.1901452580454168e-001  9.5547516727863668e-001  1.0081648314293929e+000  1.0096971777234185e+000  7.0375042915509622e-001  0.0000000000000000e+000  7.7614987853655326e-001  6.3991603855085388e-001  6.3974904050987891e-001  7.2331196537494824e-001  7.4368095103986853e-001  5.9114517656413801e-001  7.2125919357009838e-001  6.8351066285946960e-001  6.5931366944802638e-001  6.7722785649491368e-001  1.0243081159308614e+000  1.0677555555372606e+000  1.0824277979853347e+000  1.1000339208971635e+000  1.0409860297223266e+000  1.0975355702634000e+000  1.0594376074348775e+000  1.0253246494165740e+000  9.9310880460324702e-001  9.4960969292989927e-001  1.0935025686041013e+000  9.1367454090341860e-001  9.0082992231100478e-001  8.7441608493910328e-001  9.2880857165075437e-001  8.7849115111664799e-001  8.5914498442781373e-001  8.6988349574457513e-001  9.9977986873615088e-001  8.5447218766877220e-001  9.5116926430954329e-001  7.9879926370752963e-001  7.7964437856770374e-001  7.2747772817958967e-001  1.0976283373355176e+000  9.6701189658104070e-001  1.0502796420907257e+000  1.0786424636823093e+000  1.1193925914921359e+000  1.0023621522177255e+000  1.0048095712918594e+000  1.1221872931664039e+000  1.1028358386325257e+000  1.0076238720670099e+000  1.1197036531439151e+000  1.0210432572475592e+000  1.0607209143532357e+000  1.0187344995428567e+000  1.2212657300100340e+000  9.9646532021791390e-001  9.8850515830698105e-001  1.1247866914739666e+000  1.0795209017081913e+000  1.0574242063692785e+000  1.0675855326702670e+000  1.1265272404807687e+000  1.0346510560653923e+000  1.0292253557028985e+000  1.0784555745221411e+000  1.1155548835545159e+000  1.0804639638410964e+000  1.0705079614774238e+000  9.6060127490052483e-001  1.0928683673926618e+000  1.0137513686934294e+000  1.0077449791004862e+000  1.0549226813471602e+000  1.0068172167136169e+000  1.0818530959812176e+000  9.5662478811874530e-001  1.0569660617375150e+000  1.0127151142945381e+000  1.0269822981464318e+000  1.1269976984368639e+000  8.9968373690835568e-001  9.6924776439217308e-001  9.8707094921198080e-001  1.1118069553884165e+000
  9.5792562913026080e-001  8.4043329748591877e-001  9.1531629407994386e-001  1.0745357922361396e+000  9.9478692892930642e-001  1.0766310257523857e+000  1.0623884071921335e+000  9.7697931111114400e-001  8.5763947047272970e-001  1.0399979978931324e+000  8.9270891656769169e-001  9.5705938258785872e-001  7.9312968211292167e-001  7.7614987853655326e-001  0.0000000000000000e+000  7.4292596952412060e-001  7.8020713802475139e-001  7.9214143921942748e-001  8.1126557642489094e-001  6.7128022724943048e-001  8.2302019966815088e-001  7.3250047311932298e-001  8.1440469962023765e-001  7.6282462137710794e-001  1.0272452269489754e+000  1.0742991893213334e+000  1.0647774718664480e+000  1.0470869005249630e+000  9.5208579905660840e-001  1.0638576150130310e+000  1.0370779047536145e+000  1.0658147462216623e+000  9.9418448863100095e-001  9.1071829315917607e-001  1.0589670354762917e+000  1.0694343021129624e+000  9.3889665293081270e-001  8.5644825257053325e-001  7.6267296500831594e-001  8.5521255312148814e-001  8.6688253494154488e-001  7.9920548661796764e-001  9.1705268762694814e-001  7.3560058090796232e-001  9.2521904788139753e-001  7.9882490068139822e-001  7.3937165784778736e-001  7.9866334231491554e-001  1.0956838507780153e+000  1.0117888552199337e+000  1.0395726876640816e+000  1.0467029927051945e+000  1.0719000987815888e+000  1.0032774190057279e+000  9.8299033447514916e-001  1.0520315264964610e+000  1.0832376892366831e+000  9.5965580155621699e-001  1.1724785606925276e+000  1.0509282247451837e+000  1.1087603062925397e+000  1.0077013274097144e+000  1.1242779546249022e+000  9.6130350019812461e-001  9.6516270050242958e-001  1.1077607745319740e+000  1.0591459408301267e+000  1.0482705864535489e+000  1.0617874667416476e+000  1.0305218134769067e+000  1.0663690000739043e+000  1.0811835048094411e+000  1.0597470926375407e+000  1.0885741476001807e+000  1.0786580910481289e+000  1.0734295200853867e+000  9.8713555279255405e-001  1.1457112952615531e+000  9.5877483049021039e-001  1.0813928750746853e+000  9.6121943746484628e-001  1.0072702838520915e+000  1.0222030372849145e+000  1.0664528621693201e+000  1.1147581425027506e+000  1.0129111376075846e+000  1.0329605827504966e+000  1.0493497920686017e+000  9.5009833403009003e-001  1.0120680802839661e+000  8.8610958562068665e-001  9.9257985393633563e-001
  1.0103265566433774e+000  8.4294258711713410e-001  9.8023929470861570e-001  9.6826812901168502e-001  1.0064639541044955e+000  1.0409034091101090e+000  1.0285040309566225e+000  1.0247968421141616e+000  8.7886165706855146e-001  1.0015798920216645e+000  9.3502724067575316e-001  9.7633150927890699e-001  6.2260445590552083e-001  6.3991603855085388e-001  7.4292596952412060e-001  0.0000000000000000e+000  5.3884085426427419e-001  6.6770184818102862e-001  6.4556891655075233e-001  6.0018099659716373e-001  7.2672810198057536e-001  6.0485283703531345e-001  7.0978427502917429e-001  5.1848748658649635e-001  1.0333514153013488e+000  1.0081887039144803e+000  1.0236811041676630e+000  1.1085735175282381e+000  1.0280536406911223e+000  1.0667533106782399e+000  1.0477124514197320e+000  1.0337747727957780e+000  9.9009933768322989e-001  9.1623703254188427e-001  1.0804742107277474e+000  1.0320514364134674e+000  8.5204688206267409e-001  8.3762701529716521e-001  9.4046598803106285e-001  8.6789361901121320e-001  8.3191970681675675e-001  8.1478802107037041e-001  9.3798742349066122e-001  8.5122979525954767e-001  9.2864780831406113e-001  8.3504377031606114e-001  7.9192827658279286e-001  8.0615385761071812e-001  1.0886415644783409e+000  9.6151072348023947e-001  1.1058172368285575e+000  1.0571265102943965e+000  1.0809312580041694e+000  1.0633444246342982e+000  1.0313269283825162e+000  1.0901944551441773e+000  1.0360972379702540e+000  1.0505398359893110e+000  1.1100256182717265e+000  1.0314767855842149e+000  1.0548649608741072e+000  9.9618338179938526e-001  1.1581886379999724e+000  9.3467917281601842e-001  9.9958176097594875e-001  1.0886959633955016e+000  1.0598046366896765e+000  1.0701077939943286e+000  1.0804535468486676e+000  1.0549950803127568e+000  9.9905516708708852e-001  1.0893384819267136e+000  1.0683964597668201e+000  1.1200415210018813e+000  1.0953949633478417e+000  1.1009147350967954e+000  9.8959966447652248e-001  1.0994352586772651e+000  1.0974781000195388e+000  1.0584132046971100e+000  9.9459274075578874e-001  9.9821052904269281e-001  1.1237065046496129e+000  1.0475473009916385e+000  1.0768789079412211e+000  1.0162277637090928e+000  9.6469024223689015e-001  1.1588246313888599e+000  1.0230087372053203e+000  9.9187562806422247e-001  1.0094047049718546e+000  1.0425483772386124e+000
  9.4342471734653477e-001  8.1257392136347217e-001  9.7324408757735581e-001  1.0096372367959281e+000  9.4281594449172212e-001  1.0079917503431033e+000  1.0241546697642658e+000  1.0149145380339255e+000  8.6097480520220127e-001  1.0120815297760426e+000  9.3142204275995411e-001  9.8835824798139382e-001  6.4467659585917403e-001  6.3974904050987891e-001  7.8020713802475139e-001  5.3884085426427419e-001  0.0000000000000000e+000  6.2541750436219945e-001  6.2633895473260925e-001  5.7664848786259215e-001  6.5306709806111796e-001  6.5036583834772499e-001  6.6614809211191051e-001  5.7197938511971747e-001  1.0216874089127612e+000  1.0810402891570967e+000  1.0593736586255422e+000  1.0976822885552222e+000  9.5948339129151761e-001  1.0449490548375562e+000  1.0542527185780204e+000  1.0273823748058555e+000  1.0002993894415741e+000  9.2431768928275937e-001  1.0541730715925282e+000  1.0045865386538460e+000  9.0184434888272536e-001  8.3164811313608700e-001  9.7443545769290252e-001  8.8091311473120792e-001  8.6328668242428042e-001  8.4132799636478728e-001  9.5547102898357394e-001  8.1171084491889256e-001  9.5859582000851740e-001  8.0164396116598557e-001  7.6996425415230629e-001  8.1240577158375671e-001  1.0854816164453203e+000  1.0208825664830352e+000  1.0529066328222645e+000  9.9873106499803899e-001  1.1005493055652260e+000  1.0364994494428259e+000  1.0643425780394977e+000  1.1149256070901925e+000  1.0480754524843792e+000  1.0809624065387109e+000  1.0726520593331645e+000  1.0283766869474331e+000  1.1000990226413925e+000  1.0169919111806127e+000  1.1302957842220285e+000  1.0252641390298969e+000  9.3437365379870474e-001  1.0702282191478265e+000  1.1165811158700005e+000  1.0876071070896938e+000  1.0704669732116883e+000  1.1008646132778350e+000  1.0612191785461407e+000  1.0544903482041594e+000  1.0786221552910369e+000  1.0664985946379701e+000  1.1548666796788780e+000  1.0916826542938936e+000  9.9152384870949573e-001  1.1334515596272445e+000  1.0715400388136671e+000  1.0511147312106754e+000  1.0031260464453424e+000  1.0700874103991891e+000  1.1602029793461774e+000  1.0635148802239498e+000  1.1312292764572749e+000  1.0403272369185665e+000  9.6260355583310286e-001  1.0685132611579349e+000  9.9148128042654116e-001  1.0247920411072913e+000  1.0486855615159698e+000  1.0565497099452184e+000
